0	-0.338268498679 -0.275635059622
1	0.142114822842 -0.233247585229
2	-0.310770730811 -0.321629926123
3	-0.31913399084 -0.497207582362
4	0.643120997222 -0.699040634866
5	-0.34677654401 -0.203738445879
6	-0.42630899989 -0.00129005420443
7	-0.270111965847 -0.639644688675
8	-0.344287480581 -0.446320025918
9	-0.315960620206 -0.327996509338
10	-0.257929910055 -0.674836799736
11	-0.127220029609 0.202134891828
12	-0.334875996696 -0.484625367928
13	-0.0979957210245 0.0461605512372
14	-0.344013779647 -0.414191880912
15	-0.0178563190114 0.0443281472105
16	-0.359628922007 -0.128067154784
17	-0.0277225601333 0.187413681263
18	-0.342758595452 -0.414899250636
19	-0.295806110657 -0.380697660224
20	-0.289386204694 -0.346170011639
21	0.40634335983 -0.478491075749
22	0.0709576409848 -0.382400177256
23	-0.367446530296 -0.137871525178
24	-0.300562467244 -0.56164907013
25	-0.281368168982 -0.383571958048
26	-0.28936726932 -0.38006781323
27	-0.31189831475 -0.524471591423
28	0.445361800838 -0.525539644496
29	-0.298742733723 -0.56541318594
30	-0.308060708485 -0.538510936209
31	-0.370301568875 -0.273977266149
32	0.176845225078 -0.263281732739
33	0.233358583344 -0.317208346354
34	-0.0865626256678 0.042727506985
35	-0.337211345913 -0.267495058413
36	-0.358192862431 -0.337776300283
37	0.514086841419 -0.220436958368
38	-0.295948776565 -0.577301595394
39	-0.357222536673 -0.155735518364
40	-0.275391043085 -0.422807603066
41	-0.112095244938 0.0522435098091
42	-0.347489015322 -0.418658125522
43	-0.252898609115 -0.456484638462
44	-0.369640102025 -0.0967845177666
45	-0.230703616157 -0.52356706349
46	-0.311812440787 -0.311454409285
47	-0.289642199568 -0.591677973738
48	-0.3070102358 -0.5418479857
49	-0.26401059482 -0.654123257735
50	-0.341295490781 -0.293198922769
51	0.21098023715 -0.00398120721221
52	0.188787993986 0.252128162494
53	-0.342705293548 -0.41334028002
54	-0.312585631748 -0.521705858338
55	-0.371139440365 0.140768536126
56	-0.336523739031 -0.235061669943
57	-0.267297645434 -0.653054814085
58	-0.344102120711 -0.421969750848
59	-0.316684711527 -0.515683493874
60	-0.294013262103 -0.34669337465
61	-0.251473456312 -0.684167073481
62	-0.291612341533 -0.388606127132
63	-0.329745070207 -0.472472636297
64	-0.349875496318 -0.380858951212
65	-0.320309864004 -0.310610757564
66	-0.345343436477 -0.39841284373
67	0.167312463374 -0.254807683784
68	-0.320349922535 -0.542830611187
69	-0.340548555414 -0.426621424016
70	-0.36221653604 -0.29310342557
71	-0.207822281715 0.239181356079
72	-0.325924254596 -0.47600246402
73	-0.347117649848 -0.403153386908
74	-0.36406389944 -0.302436291676
75	-0.341799673504 -0.346873718213
76	-0.350565656122 -0.187691223498
77	-0.353784770732 -0.146617991111
78	-0.330476584062 -0.265713944213
79	-0.297394105761 -0.34323254284
80	-0.311728369467 -0.381160210968
81	-0.322074746613 -0.270011776751
82	-0.358328709297 -0.153577799851
83	-0.350079283941 -0.170239386895
84	-0.277530424102 -0.626533263772
85	-0.234795126124 -0.519642046824
86	-0.341412142054 -0.418077996821
87	-0.348238839174 -0.202816575487
88	-0.339851923848 -0.429052752845
89	-0.320738325232 -0.500951442229
90	-0.356859512608 -0.174951709682
91	0.432618318564 -0.508507510394
92	0.495147694906 -0.562752207627
93	-0.288634068322 -0.590256931173
94	-0.302625854565 -0.330493918613
95	-0.334675900301 -0.452687249367
96	-0.273350286182 -0.435750440192
97	-0.349761172072 -0.186282795703
98	0.434821798876 -0.504002259634
99	-0.343449042616 -0.409729135798
100	-0.310593995706 -0.327434114091
101	-0.263414441612 -0.662246483155
102	-0.312114639589 -0.34700279843
103	-0.34862356493 -0.19244603113
104	-0.271169542343 -0.397428577295
105	-0.351535667079 -0.369873105892
106	-0.43374558325 0.0131804209751
107	-0.356872958442 -0.339955613374
108	0.536756556263 -0.597079132774
109	-0.992311591995 -0.353274457915
110	-0.242510691853 -0.48995803643
111	-0.257586374987 -0.473561284825
112	0.456069917014 -0.219446993441
113	0.588771409354 -0.287486985929
114	-0.320494120507 -0.295759952458
115	-0.294269717656 -0.574646448895
116	-0.334579847918 -0.453040929173
117	-0.177698353252 -0.199451600707
118	0.62677161497 -0.682793618599
119	-0.332644162223 -0.478317248427
120	0.485813876487 -0.549660441131
121	-0.364942503577 -0.288611238931
122	-0.316661891917 -0.307838786949
123	-0.33943927689 -0.264207531124
124	-0.337215353225 -0.247426234404
125	-0.257188904566 -0.454816337325
126	-0.29812819666 -0.376607181426
127	-0.272288822399 -0.462477063016
128	0.386191533022 -0.461323082011
129	-0.322832448851 -0.270741851262
130	-0.342190352183 -0.414889034057
131	-0.384357681959 -0.0351441358866
132	-0.316624412951 -0.511522242296
133	-0.297059992867 -0.577970899242
134	-0.349072775215 -0.38917264618
135	-0.341137258346 -0.225135575301
136	0.460369265326 -0.234274554937
137	-0.36384790183 -0.301140373461
138	0.618880296877 -0.675391217807
139	-0.245979519251 -0.697405791277
140	-0.0685517988797 -0.248042485909
141	-0.304158986559 -0.554430775919
142	-0.31593700303 -0.508890532615
143	-0.332956801501 -0.479956780164
144	-0.290909585476 -0.585461407256
145	-0.284648835833 -0.605628883072
146	-0.308678271645 -0.36805974557
147	-0.371773255595 -0.268057664518
148	-0.313222035735 -0.518834086584
149	0.505908194902 -0.568969163391
150	0.374796643427 -0.406593373846
151	0.1141663362 -0.206586607899
152	-0.329758508333 -0.468252198059
153	0.746706167649 -0.47095190636
154	-0.438917043559 0.0343736290182
155	-0.32919314834 -0.0109908294342
156	-0.290874528279 -0.387237276812
157	-0.354368186999 -0.269662678209
158	-0.302694337202 -0.312940693439
159	-0.056272160623 0.039467993549
160	0.635900525132 -0.691622847089
161	0.493880746985 -0.443197685836
162	0.504256456486 -0.567005117348
163	-0.355219919968 -0.352543817655
164	-0.23775004085 -0.50789379243
165	-0.336927681194 -0.242602436469
166	-0.295252687943 -0.369909657124
167	-0.278541284189 -0.407384140123
168	0.579368129471 -0.635740199298
169	-0.262474697561 -0.455384378328
170	-0.32515378825 -0.475712271863
171	0.632269224727 -0.688190604836
172	-0.286892585206 -0.428725450541
173	-0.344711197135 -0.210657986716
174	0.820810932155 -0.505921910985
175	-0.315103656921 -0.517404365658
176	-0.330290790463 -0.259254737929
177	-0.346944072422 -0.20020459047
178	0.441654239271 -0.207216733286
179	-0.260963801211 -0.66582268054
180	-0.274178551567 -0.630799023451
181	-0.346517752383 -0.269530010445
182	-0.328944827331 -0.297065228232
183	-0.285191399663 -0.609200919879
184	-0.451486915812 0.182763531591
185	-0.28258138189 -0.610850873169
186	-0.0872811167619 -0.0372715098473
187	0.034419501364 -0.367545498639
188	-0.284584061502 -0.60251155444
189	-0.320144055387 -0.317881882012
190	-0.308458153484 -0.532607493038
191	-0.313710973386 -0.322837794611
192	-0.353383700987 -0.167071091605
193	-0.313733789018 -0.517402728166
194	-0.344247432663 -0.33326510716
195	-0.606020599858 0.0115461261556
196	-0.28041324244 -0.409791822788
197	-0.320007132165 -0.495475549404
198	-0.326092421873 -0.319264449777
199	-0.316565725238 -0.347303642286
200	-0.335779095393 -0.261973418901
201	-0.238888218114 -0.50704130829
202	-0.259588768171 -0.667860851863
203	-0.235892788749 -0.728999432898
204	-0.302480926663 -0.349324821125
205	-0.312314091477 -0.522436836935
206	-0.285390451143 -0.377157870811
207	-0.312499795128 -0.327264163438
208	-0.274758387396 -0.627213412671
209	-0.295784170211 -0.367763207587
210	-0.326725049552 -0.311700393968
211	-0.230144543276 0.177406056966
212	-0.0339119640755 0.0466210709926
213	-0.423974947612 -0.0150346101948
214	-0.351592667922 -0.198166397138
215	-0.307373548999 -0.351425126102
216	-0.406878860836 0.319622999659
217	-0.338770113406 -0.462355132985
218	-0.277575580225 -0.625650356449
219	-0.425422182223 -0.0104943145895
220	-0.251650202189 -0.687263315106
221	-0.360335002327 -0.324425421671
222	-0.422556761548 0.250790015862
223	-0.417874466707 -0.00410246818651
224	-0.312851824814 -0.528260612122
225	-0.299983726154 0.177204135004
226	-0.279794600944 -0.399577998743
227	-0.284620071933 -0.422206290972
228	-0.262925490042 -0.459844039796
229	-0.258453754414 -0.668078383799
230	-0.260582523637 -0.667129871966
231	-0.284272736076 -0.608111315004
232	-0.336780676472 -0.446627288458
233	-0.281234928846 -0.611938916718
234	-0.302423872053 -0.565891949186
235	-0.434103239647 0.179452579577
236	-0.123585883546 0.0638341210485
237	-0.147562149911 -0.222982904827
238	-0.322583330062 -0.280679123682
239	-0.333936945019 -0.452500604811
240	-0.288100510121 -0.598710115815
241	-0.289678216716 -0.594752768377
242	-0.622323219736 0.0204290479181
243	-0.347986577709 -0.216241310844
244	0.167351968916 -0.248987388585
245	-0.267570097725 -0.444302671094
246	-0.304715809058 -0.554776643686
247	-0.319230150661 -0.540930288673
248	-0.307927019484 -0.538807298477
249	-0.34112146647 -0.421149396398
250	-0.359350139501 -0.333589269079
251	-0.367208922673 -0.110657628466
252	-0.328104588576 -0.29913840826
253	-0.329665154523 -0.262068198135
254	-0.319673582557 -0.49974958028
255	-0.626468815296 0.0174024161395
256	-0.557439744477 0.00635339151997
257	-0.583132050528 0.00918621770195
258	-0.622215794368 0.0108692582015
259	-0.633153460797 0.0171934944567
260	-0.630648970379 0.0251425204754
261	-0.386662103317 -0.021485545628
262	-0.313047147642 -0.521542132395
263	-0.314554328849 -0.294765551864
264	-0.300236251594 -0.348066378066
265	-0.26039955336 -0.461362511989
266	-0.307792511794 -0.325816438663
267	-0.341665901057 -0.19646417497
268	-0.375803780177 -0.068384312926
269	-0.294914886326 -0.582068464568
270	-0.327009864148 -0.267454917761
271	-0.360895949295 -0.161567733051
272	-0.342313348148 -0.426661481008
273	-0.306890372204 -0.358076969674
274	-0.2828983306 -0.403889209669
275	-0.301036030592 -0.35555027299
276	-0.323814174088 -0.49170655077
277	0.369362617039 -0.44655432333
278	-0.321506601064 -0.502660950498
279	-0.334882694025 -0.246678182558
280	-0.268089312222 -0.438916744797
281	-0.307219500959 -0.540853279906
282	0.590917707213 -0.330821046908
283	-0.268261127507 -0.440037356343
284	-0.270368471253 -0.433201426408
285	-0.334730978265 -0.271885456668
286	-0.340881557853 -0.426594747449
287	-0.307526838855 -0.325780357477
288	-0.348133193958 -0.405784036797
289	-0.365238651884 -0.125802783041
290	-0.342048310935 -0.216668187486
291	-0.303200102504 -0.548854902669
292	-0.312077525136 -0.52287062625
293	-0.335858689856 -0.442326631618
294	-0.361077612105 -0.125323442879
295	-0.311618403184 -0.329947282438
296	-0.344807492668 -0.206642599132
297	0.337208649186 -0.418985733797
298	-0.275938825246 -0.41219516747
299	-0.289740022638 -0.588828293538
300	-0.323226030465 -0.287210924444
301	-0.319993171083 0.248221169703
302	-0.370085465512 -0.262911212694
303	-0.260772647955 -0.676199476058
304	-0.354187333602 -0.188033659391
305	-0.327840695116 -0.471913358466
306	-0.347318929368 -0.387591194029
307	-0.315934807149 -0.297657596733
308	-0.342463908531 -0.413156670572
309	-0.307025400817 -0.397676345376
310	-0.323481488778 -0.486233183981
311	-0.312282403254 -0.368282025469
312	-0.27178299505 -0.639196057501
313	-0.33317066832 -0.454106380566
314	-0.359967719992 -0.32623927321
315	0.461662758821 -0.417854607634
316	-0.344668473843 -0.405862030312
317	-0.364991202792 -0.294790115283
318	-0.342873065515 -0.240503708927
319	-0.281098992292 -0.40059523312
320	0.751010803175 -0.474777789252
321	-0.288985807252 -0.410148689074
322	0.364885873844 -0.440907699986
323	-0.349011354267 -0.391282660454
324	-0.269598371946 -0.637415716527
325	-0.30152837181 -0.30723168755
326	-0.252222295872 -0.476968650642
327	-0.272489646847 -0.419510799769
328	-0.291718941774 -0.381130935475
329	-0.311984571095 0.227960247829
330	-0.34769612252 -0.259642481262
331	-0.367543129995 -0.320375736138
332	-0.297814776268 -0.367080352356
333	-0.247054222713 -0.694888296992
334	-0.3563988408 -0.159434671459
335	-0.324366580368 -0.282995677688
336	-0.31752266445 -0.510337449809
337	-0.369513606734 -0.259455264216
338	-0.380396601843 -0.0429472970874
339	-0.289852799229 -0.383582555
340	-0.340653402818 -0.234109824538
341	-0.342173781886 -0.197413333973
342	-0.253009783539 -0.684910521489
343	-0.24403047753 -0.500968310245
344	-0.248649607695 -0.491103004157
345	-0.267375430269 -0.650890857606
346	-0.263568710508 -0.659625525933
347	-0.324091631048 -0.388621857873
348	-0.243831925271 -0.707861582787
349	-0.297415555059 -0.402040629807
350	-0.330267394157 -0.31462624863
351	-0.306761614072 -0.338900178202
352	-0.363150701059 -0.139225735517
353	-0.25762468692 -0.427464239014
354	-0.354819347423 -0.194870256492
355	-0.296396770714 -0.568111113077
356	-0.276499712821 -0.449379127559
357	-0.404701824408 -0.18735536033
358	-0.303746620367 -0.355781584808
359	-0.310503768065 -0.540260880691
360	-0.335410496826 -0.443987126672
361	-0.316912944325 -0.554257252786
362	-0.304538064288 -0.548592244305
363	-0.325812533282 -0.278023016639
364	-0.37794538249 -0.0578959548314
365	-0.351940674464 -0.374257105662
366	-0.343200728141 -0.187623895979
367	-0.26842844294 -0.647283894978
368	-0.349359835187 -0.379780789065
369	-0.369012174074 -0.237619296468
370	-0.281682894103 -0.404973142154
371	-0.362299675399 -0.134457570147
372	-0.291884454905 -0.583571307235
373	-0.33404981575 -0.250425666758
374	-0.419520748122 -0.19016867889
375	-0.365865293174 -0.288505070651
376	-0.329956561599 -0.340822172816
377	-0.352122064322 -0.223544508771
378	-0.316321905766 -0.50580673677
379	-0.345661226019 -0.224806555573
380	-0.347746037434 -0.180353723948
381	-0.340413236081 -0.423290971142
382	-0.307644579129 -0.376532514514
383	-0.323554141131 -0.491759824235
384	-0.351861721827 -0.321423533347
385	-0.304194411343 -0.558980178997
386	-0.327844821919 -0.304495431831
387	-0.301458973216 -0.35192143502
388	-0.272200065166 -0.42966795217
389	-0.306083767547 -0.540277181281
390	-0.250940794331 -0.523776872368
391	-0.424445763337 -0.198833984549
392	-0.266774420882 -0.418875814096
393	-0.323501611835 -0.318135482581
394	-0.361362236614 -0.183560347613
395	-0.321388168175 -0.293471024729
396	-0.330911892895 -0.465488161871
397	-0.299148829285 -0.561724461173
398	-0.258358034985 -0.464011220806
399	-0.285551605742 -0.42073737947
400	-0.269050875763 -0.431289377504
401	-0.249210943652 -0.696019970044
402	-0.338174958182 -0.237479950969
403	-0.322537838168 -0.498420073644
404	-0.321354128204 -0.495920066845
405	-0.305593571043 -0.350221892272
406	-0.385070361125 -0.244913665491
407	0.186111214123 -0.270406789979
408	-0.349285927263 -0.216740816463
409	0.258115628292 -0.292763635234
410	-0.336202437773 -0.440514363648
411	-0.261928760425 -0.455405698494
412	-0.336834436523 -0.255095053032
413	-0.288940381281 -0.412955412493
414	-0.316887395697 -0.509850784795
415	-0.33314610273 -0.382902346748
416	-0.344518033416 -0.407591705925
417	-0.307895274514 -0.334654721653
418	0.192412882678 -0.279389231086
419	-0.263083336153 -0.662764574262
420	-0.327220186226 -0.483521830833
421	-0.304156630609 -0.553917704805
422	-0.267226972254 -0.652634418347
423	0.336321740487 -0.1064037055
424	-0.337404680748 -0.21982280393
425	-0.337847455073 -0.235538568398
426	-0.337823859409 -0.44029795742
427	-0.356464127254 -0.168191995298
428	-0.376079077305 -0.0645556363468
429	-0.30327099388 -0.555576708302
430	-0.0899353075045 -0.181223757473
431	-0.330435741609 -0.26239755559
432	-0.358209922238 0.123740136263
433	-0.405381027727 -0.185514037212
434	0.346028957593 -0.295344647499
435	0.516095377693 -0.265846744323
436	-0.310008118741 -0.543437294254
437	-0.271936625723 -0.640960387352
438	-0.294074614737 -0.580955173377
439	-0.354748043597 -0.356593329819
440	-0.268219109128 -0.443496492015
441	-0.62827044139 0.0196928609829
442	-0.301563009469 -0.582245919792
443	0.0128383004052 0.0599182150177
444	-0.293953849284 -0.384155235617
445	0.114998386357 0.028864879863
446	-0.373077888652 -0.193447061346
447	-0.3053014031 -0.342141470367
448	-0.169472761549 0.224869444569
449	-0.248791528572 -0.485495962555
450	0.331213057726 -0.417632928538
451	-0.283973166544 -0.607499283341
452	-0.296023312271 -0.3753890643
453	-0.663492762421 -0.0486704372239
454	-0.347866442888 -0.389161009181
455	-0.361991833433 -0.130868408577
456	0.511535986824 -0.240182282568
457	0.411520321795 -0.483609288585
458	-0.293375079398 -0.373960633982
459	-0.332859935533 -0.270067534385
460	0.171285407649 0.108163315253
461	-0.281675335087 -0.609394166664
462	-0.16138499895 0.0423537915794
463	-0.0293239083072 0.0399340300369
464	-0.342564538568 -0.228854981274
465	0.34394449811 0.07023703183
466	-0.344592569519 -0.413685700423
467	-0.325927786975 -0.471794398337
468	-0.30713129571 -0.320426330094
469	-0.238848279455 -0.508740199079
470	-0.370682351692 -0.093957845349
471	-0.249971689632 -0.527083371478
472	0.404248326825 -0.475861037051
473	-0.276232342889 -0.396095591861
474	0.0308935173609 -0.13196100775
475	-0.921528128657 0.229580302543
476	-0.304844180778 0.11321848748
477	-0.660808345559 0.349543754337
478	-0.885620459856 0.245663474821
479	-0.42865423284 0.335744939098
480	-0.950778914432 0.23985505366
481	-0.464139016193 0.251837866518
482	-0.395784076255 0.272097339733
483	-0.711245770126 0.190517932878
484	-0.959681779803 0.160680431094
485	-0.969213762269 0.179218705213
486	-0.473256443279 0.53349948262
487	-0.72744060996 0.291584465575
488	-1.12468364923 0.104047036564
489	-1.14673066778 0.096888593662
490	-1.18698651276 0.0816826270763
491	-0.854236304442 0.254947282996
492	-1.10286740207 0.109729794218
493	-0.50891444366 0.134031757772
494	-0.898307305075 0.202158773296
495	-1.1167404439 0.110325247907
496	-0.71869342064 0.269618976342
497	-0.972185182776 0.146507850067
498	-0.881598091824 0.208664175343
499	-1.18418090971 0.0641732566468
500	-0.942731125409 0.202265307581
501	-1.16192761082 0.101385417475
502	-0.941514871176 0.242063769265
503	-0.635957402859 0.370481651478
504	-0.855578483308 0.179544652761
505	-0.853626125323 0.189925572992
506	-1.02692220529 0.117985211403
507	-0.871595368859 0.1829013675
508	-0.9333944988 0.200286392246
509	-0.798790686811 0.276584343237
510	-0.528003180599 0.402575905052
511	-1.10979591421 0.110923344922
512	-0.95467295882 0.232133783019
513	-1.06869437562 0.103333514167
514	-0.999009227557 0.17481119163
515	-0.848405419235 0.218657603263
516	-1.18190559904 0.0514942275737
517	-0.890196534813 0.253900374275
518	-1.00795331222 0.151219764913
519	-1.08596703115 0.164962625749
520	-0.776176807858 0.256775761957
521	-0.971238918761 0.227399896689
522	-0.983981350922 0.184556571526
523	-1.11607787301 0.100469863107
524	-0.718808758291 0.324511548156
525	-0.943944447339 0.20800601359
526	-0.903028972322 0.251481778237
527	-1.13568346053 0.111536192505
528	-0.805919414846 0.220152626772
529	-0.816589164139 0.263736393004
530	-0.966264740022 0.236738681497
531	-1.01383326234 0.164249854835
532	-0.673768672504 0.286812786547
533	-1.00682566298 0.14176697173
534	-0.99277249302 0.22801113114
535	-0.979326395563 0.22224648724
536	-0.93110634497 0.243257400474
537	-0.863254814193 0.272008985771
538	-1.0843614026 0.149023790745
539	-1.03103608435 0.144290639676
540	-0.993165382696 0.186653042772
541	-1.16057339411 0.0916015368824
542	-0.939899178539 0.244524435139
543	-0.906212023882 0.214177388384
544	-0.816937158606 0.277979002639
545	-0.995785312107 0.169825312829
546	-0.475216811145 0.427982066729
547	-0.705677692602 0.320410103223
548	-0.843145304879 0.272812553145
549	-1.18559556569 0.0844763878068
550	-0.827709382193 0.29551618603
551	-0.849714052571 0.218000532131
552	-0.873317908387 0.21178441994
553	-0.801004971488 0.277131074066
554	-0.558508371701 0.313431098563
555	-1.05440904798 0.166633682757
556	-1.17603755227 0.0840579669127
557	-0.919735446024 0.186639744284
558	-0.94787329225 0.172663853937
559	-1.17778972457 0.0622700317172
560	-0.5307365855 0.476470890609
561	-0.941883064079 0.245435982258
562	-1.02370811202 0.161992871534
563	-0.960250194891 0.186958801259
564	-0.506415427432 0.500570671316
565	-0.780573130609 0.246473840814
566	-0.983617683146 0.181280498708
567	-1.18651103247 0.0812246243103
568	-0.955552061037 0.217727801578
569	-1.09148522424 0.118417660903
570	-0.856025599591 0.226384115347
571	-0.866799448705 0.260229736824
572	-0.894115390461 0.256063659829
573	-1.03748631683 0.171079433107
574	-0.876289698448 0.256698209845
575	-0.957309060553 0.171393432842
576	-1.13115439638 0.103030416349
577	-0.936770086235 0.259962821864
578	-0.910998972738 0.244415225384
579	-0.806655111285 0.267247991113
580	-1.13661953416 0.100083226547
581	-1.12439282604 0.105237475351
582	-0.782920738019 0.451393549907
583	-1.09298830673 0.161742150829
584	-1.09202435321 0.16198393228
585	-1.00095451636 0.173462348525
586	-1.1167867665 0.145864121336
587	-0.480766619321 0.235865562129
588	-0.961810027353 0.175949598292
589	-0.857220100182 0.254937110547
590	-1.12626877247 0.104884108334
591	-1.06707376161 0.117677127277
592	-0.887789747072 0.265203459261
593	-1.09479513068 0.135792819272
594	-0.941441240513 0.18772333497
595	-0.902058205233 0.193763803245
596	-0.943225741824 0.224071178439
597	-1.02326186319 0.194983263835
598	-1.08887940271 0.0956995409028
599	-1.13257656116 0.103064824684
600	-0.834492882475 0.328851315279
601	-1.07013126175 0.127843087289
602	-0.47956771241 0.240767837097
603	-0.855657017388 0.269448698818
604	-0.964205828455 0.223606163625
605	-0.782391453517 0.311932535651
606	-0.857048349017 0.203129355415
607	-0.988975954204 0.115989480363
608	-0.803907228951 0.213566871075
609	-0.685024035222 0.276271251008
610	-0.467410480764 0.214278072761
611	-0.821800220291 0.218446164662
612	-0.844461332212 0.286051777752
613	-1.09878499481 0.0869700857378
614	-0.985074653843 0.176247155099
615	-0.844464088165 0.262529307623
616	-0.859584294756 0.200992352095
617	-1.18684501113 0.0831816586342
618	-1.15783454823 0.0968937503693
619	-1.12622504886 0.0900225301499
620	-0.673130349181 0.205237403983
621	-0.839274868135 0.26933425647
622	-1.18498512533 0.0842493128073
623	-1.12704870406 0.102645459383
624	-0.844565455473 0.248929425793
625	-0.320089980794 -0.0110306612482
626	-0.901049424168 0.200781773205
627	-0.816269473436 0.273997539829
628	-1.17294944762 0.0873280359576
629	-0.81146241027 0.280279689242
630	-1.02554361839 0.167148402729
631	-1.1839709205 0.0880076218987
632	-1.10205245445 0.10963246709
633	-0.870178732543 0.226217814173
634	-0.932996056381 0.183210967848
635	-0.726613219451 0.302087131093
636	-1.06793077037 0.14452835655
637	-0.960016516171 0.193164072315
638	-0.876536490941 0.254514000029
639	-0.889172022052 0.235953426163
640	-1.04099841676 0.160650305814
641	-1.02287783329 0.196197036428
642	-0.85581055749 0.335805782803
643	-1.10237259378 0.114117343593
644	-1.15630890285 0.0910080176494
645	-0.830887387206 0.296590299983
646	-1.19087984753 0.0889952248365
647	-1.01987040319 0.147527251932
648	-0.322328605462 0.282714609846
649	-1.04053501008 0.118742070769
650	-0.936392371339 0.202235801461
651	-1.00101456415 0.165822377406
652	-1.09543529395 0.117199620454
653	-0.626970387505 0.374851740592
654	-1.04852039484 0.143159501717
655	-1.0031285487 0.17546077782
656	-0.689524239394 0.398316852534
657	-0.708710179286 0.0165832974447
658	-1.12562323759 0.105236916241
659	-0.869163123496 0.251178709819
660	-1.11328476558 0.160850932009
661	-0.886110812142 0.199898649823
662	-0.953049637311 0.217058706873
663	-0.817693462633 0.239309570789
664	-0.471064232838 0.23068000128
665	-0.698546272684 0.0208279283058
666	-0.904489016211 0.261765878542
667	-0.441440010223 0.811477347834
668	-0.798113551181 0.649004222221
669	-1.17740199851 0.14332991419
670	-1.14393141804 0.0947666977368
671	-0.727584751981 0.310608913101
672	-0.80314358689 0.269452328189
673	-0.477724881422 0.528184054494
674	-0.732688470309 0.30061292006
675	-1.1439731647 0.0983513138761
676	-0.732226131606 0.684756548028
677	-0.504734070896 0.504279996867
678	-1.03274133169 0.159071432598
679	-0.646799143757 0.464481220632
680	-0.67118546413 0.357932934052
681	-0.874855806298 0.267927750731
682	-0.91266890603 0.259920458749
683	-0.735649729887 0.299003726987
684	-0.852976870206 0.225818069273
685	-1.06291993474 0.125575292828
686	-0.862392732338 0.181954060799
687	-0.939023406455 0.228144642095
688	-1.18870840548 0.0844598957891
689	-1.02609215352 0.103737226062
690	-0.924085349924 0.139401155629
691	-0.491544351183 0.519247154732
692	-0.927418787715 0.246438254781
693	-1.12681262304 0.11047492329
694	-0.457215642043 0.561108601537
695	-0.787609332222 0.226910324784
696	-1.08902415045 0.119967710745
697	-1.042152524 0.136780564187
698	-1.08611996297 0.120736014591
699	-0.608328131067 0.341627506114
700	-1.08140980386 0.163053809531
701	-0.972741102002 0.200279996024
702	-1.03404265771 0.165270624292
703	-1.08521120639 0.141862521944
704	-0.511292450712 0.49694115514
705	-0.973323793613 0.169194335645
706	-1.1084578677 0.0470900964332
707	-0.608933630485 0.396280132622
708	-0.922885190329 0.228659959962
709	-0.901376756763 0.213540257476
710	-1.11563537668 0.110746974337
711	-0.954208700533 0.26322518259
712	-0.95678774629 0.17274241361
713	-0.938749216146 0.272976236617
714	-0.927225714662 0.237763635459
715	-1.0236140865 0.137792263803
716	-0.894223266395 0.204493411865
717	-0.688791916746 0.349533010766
718	-0.884439252549 0.238318741168
719	-0.755442080517 0.318228521048
720	-0.714046929487 0.326259135698
721	-0.814669741315 0.232326350431
722	-0.535116058261 0.225576137415
723	-0.942570502914 0.19911312649
724	-1.1677211842 0.0918399183426
725	-1.16941639125 0.106532603192
726	-0.680216169904 0.330482914546
727	-0.912407068968 0.233806671091
728	-0.838848936433 0.261873014833
729	-0.966323212246 0.166080404428
730	-1.1471083678 0.1588932948
731	-1.06527554453 0.16122381311
732	-0.517942839766 0.460739655562
733	-0.436939941845 0.483481683138
734	-0.940693380129 0.181942409983
735	-0.915377070896 0.192094991082
736	-0.931054395823 0.243404506616
737	-0.811286600958 0.22072022508
738	-0.802640109215 0.210146302729
739	-0.97424662491 0.168198286303
740	-0.817126348444 0.195026016787
741	-1.16817119786 0.0899736497277
742	-1.12287523647 0.107770304465
743	-0.825989709499 0.225047851865
744	-0.700401221259 0.322307475731
745	-0.927291862629 0.247581737309
746	-0.939095579578 0.183176616245
747	-0.78718412072 0.314296919959
748	-0.897240826249 0.234587838479
749	-1.18059831419 0.0845891973115
750	-0.955048997822 0.241691913654
751	-0.502836111096 0.445030217172
752	-1.15130195412 0.0955044967679
753	-0.828684751104 0.262610049346
754	-0.835136810484 0.218639359112
755	-0.87606426687 0.244575246819
756	-0.939714506119 0.244829459206
757	-1.07770894958 0.122355917741
758	-1.19687366948 0.0811213355972
759	-0.973819357431 0.203469046448
760	-1.15361273474 0.0996948592582
761	-1.04608064361 0.142702877603
762	-0.698462202349 0.341003618383
763	-1.18496245185 0.0851837619935
764	-0.946653369868 0.200759728852
765	-1.12670652517 0.122322652827
766	-1.04249903875 0.135808255501
767	-0.84399263884 0.206180755035
768	-0.981281367109 0.172546298654
769	-1.06272394718 0.15122354342
770	-0.91325769584 0.255209895861
771	-0.890338362358 0.270175922673
772	-0.936255545827 0.21787748215
773	-1.15793557812 0.099928594692
774	-1.01027420935 0.18824393169
775	-0.901183190065 0.216924423961
776	-0.685102556553 0.29990853446
777	-0.877521554675 0.289563132515
778	-0.914227969196 0.236438944259
779	-1.10756467356 0.113097090074
780	-0.493128332001 0.43920528744
781	-0.604188761387 0.356126459936
782	-0.880808948602 0.199034255153
783	-0.941127589423 0.219763819581
784	-1.01273394944 0.152060244104
785	-1.00061071518 0.161923457194
786	-0.856848168247 0.21679736557
787	-0.923736479863 0.219615718581
788	-0.807732815231 0.647424930973
789	-0.906855774006 0.222893676433
790	-0.49250065051 0.529477516737
791	-0.518013825397 0.427540520039
792	-0.0226470538866 0.999213535776
793	-0.100325812443 0.850047801302
794	0.133454670114 1.09903068937
795	0.0667623613953 1.04062004378
796	0.120461808901 1.12036020112
797	0.149161184129 1.12495233523
798	-0.304420911 0.244701870825
799	-0.0491904024336 0.909646308743
800	-0.1260316203 0.835582331882
801	-0.019214069836 0.939606187135
802	-0.027503157257 0.952477634188
803	-0.0101346073137 0.961106745303
804	0.223506454615 0.90121978434
805	-0.0202933782624 0.999405863696
806	-0.218822003689 0.685755408252
807	-0.179522773297 0.745820510169
808	0.0959536001368 1.17870759764
809	0.19783361442 1.24115258141
810	0.181885555519 1.21495166065
811	0.142383320412 1.10518533132
812	-0.0665341926227 0.0504240521937
813	-0.165346146142 0.0585045958463
814	0.0509230937055 1.02561347145
815	0.205401955699 0.884505707543
816	0.190613597989 1.19098846985
817	0.029678539749 0.437715863916
818	-0.0622033640048 0.910359234236
819	0.0880562598479 1.14389531524
820	-0.0649366955944 0.934803376448
821	-0.196559610643 0.268427737295
822	-0.292010395082 0.58694305584
823	-0.0631359187075 0.712655004645
824	-0.218412386901 0.249207925143
825	0.158689518065 0.831618742552
826	-0.0383559820179 0.423592123412
827	0.388508221483 1.05635187263
828	0.30659518203 0.977127609453
829	-0.0668680317615 0.91136897842
830	0.0924089712457 0.870037719559
831	0.0219373450371 0.963407159922
832	-0.0546352293303 0.942800299548
833	0.205032481966 1.25056143082
834	0.450058709152 1.12262297656
835	0.0488884252421 1.03842354494
836	0.0657310184438 1.14711267388
837	0.359099974762 1.01886019822
838	0.130924114785 1.1388385361
839	-0.795869578283 0.664179846821
840	0.16686162678 1.19118718123
841	0.0865820976529 1.12055004903
842	0.180410995292 1.21311860798
843	0.137829002301 1.18550086101
844	-0.100690708919 0.844694113635
845	-0.0792885800976 0.949004457355
846	-0.113213575843 0.86316669809
847	-0.80778681165 0.635802980025
848	0.0878135163276 0.98671254409
849	-0.096899983395 0.847257504664
850	0.00634481963717 0.972657487479
851	-0.284268434632 0.617832426918
852	-0.141830984935 0.796786621771
853	-0.010777301372 0.923663629723
854	-0.0189671375087 1.00787464963
855	0.162276476455 1.18410532525
856	0.0721725956284 1.01791697997
857	-0.0207957045489 0.94906178044
858	0.0553318007819 1.02488257654
859	0.517146287989 0.548427572673
860	-0.0644620911404 0.454995289385
861	0.0695525982793 1.02570207369
862	-0.0848277833597 0.914139660073
863	0.0754989498902 1.04975122903
864	0.0201251783902 0.997238015027
865	0.237859806499 1.16730512271
866	0.0187758401817 0.997961839071
867	-0.00471252410634 0.897727217919
868	0.170502226872 1.18689867799
869	-0.12485541379 0.645316508079
870	-0.152337678546 0.785501052094
871	0.0837656488858 1.08640471571
872	0.194485432182 1.29576523573
873	-0.138572270572 0.799874159023
874	0.0996306831412 1.1164274257
875	-0.015772457399 1.00790103344
876	-0.0929711511489 0.762424020734
877	0.0114833098669 0.916719500914
878	0.122114336217 1.17274140457
879	0.20492440833 1.07231280795
880	0.203045537009 1.24969436461
881	-0.110349047355 0.052060715681
882	0.021282753313 1.01012427579
883	0.204833844233 1.23728694923
884	0.409336973037 1.07736003717
885	-0.0370204996191 0.982767907352
886	-0.0209791196948 0.963765655591
887	0.0842543853786 1.08998846827
888	-0.123682363359 0.790914325804
889	0.12016871159 1.08630976691
890	-0.0982260566856 0.333769578869
891	-0.03817694195 0.892800227689
892	0.0922631856145 1.07866931955
893	0.106761764498 1.07193539944
894	-0.081712551154 0.176643433447
895	0.0422961233361 0.956072761949
896	0.210775489171 1.23409916307
897	0.237957128857 1.29031690376
898	-0.0781131974808 0.909986069251
899	0.0455719706045 1.01300543637
900	-0.350863175188 0.576260951952
901	-0.0168160886301 0.82205323706
902	0.135016779913 0.457672237072
903	0.0268389987645 1.00302922779
904	-0.236412906952 0.737337270629
905	0.153944671809 1.17072836789
906	-0.0224988424376 0.956280999808
907	0.203840103365 1.21467272606
908	0.020427986558 1.00648641244
909	-0.287738668027 0.600437765314
910	-0.026837805228 0.993150897482
911	0.0951061158637 1.07467057678
912	-0.0346269018791 0.988064918296
913	-0.00663910523603 0.958102997872
914	0.167730081529 1.19193424276
915	0.0225056762352 1.00505424443
916	-0.105153803197 0.875138138557
917	-0.279012547394 0.237825478844
918	-0.0795593873149 0.852220091667
919	0.0172558897936 0.983315391669
920	0.214070317113 0.897189610657
921	-0.127608486399 0.839788905811
922	0.125943954454 1.11806090521
923	-0.0415978004679 0.887834276293
924	0.409254702923 1.09623591413
925	-0.0520848436304 0.965732626631
926	-0.0410501526652 0.974267658168
927	-0.21240714981 0.856920925851
928	0.206402005508 1.22385872327
929	0.174580445939 0.45714308406
930	0.133356529743 1.12445118023
931	0.445246447034 1.11356529679
932	0.0790740767075 0.608359664989
933	0.05869111499 0.545269166025
934	0.107984259308 0.494933904921
935	0.161443703838 0.59301255289
936	0.0786783868223 0.551649004731
937	0.0721504674826 0.482245565581
938	-0.299175725012 0.950776485954
939	0.109649264365 0.565460308098
940	0.592959978404 0.075185811281
941	-0.159083523472 0.326436619052
942	0.0703407656371 0.560199629739
943	0.378532267424 -0.264873017293
944	0.200102306838 0.812235554764
945	-0.460364639291 0.545577375752
946	0.107523407226 0.567652904434
947	0.144262897278 0.587417357318
948	0.119390754241 0.533675926525
949	0.0482234969906 0.400678505591
950	0.123039991948 0.579487411848
951	0.136741452178 0.583611982819
952	-0.722639573331 0.287729627397
953	0.160939306961 0.592684771777
954	0.116248641579 0.587734687599
955	0.144598235082 0.584707375878
956	0.0662646761254 0.55295599448
957	0.203979611563 0.698024930229
958	0.179867148919 0.628201058712
959	0.206705930131 0.716113147928
960	0.049289345824 0.535901545394
961	0.183771812322 0.817309649344
962	-0.707306263552 0.396722706978
963	0.105976257962 0.49401640754
964	0.161014688729 0.59606665974
965	0.0421002245111 0.53458180139
966	0.184413865615 0.642117131003
967	0.146170849633 0.582076393408
968	0.0683787336414 0.549531283135
969	0.088745089842 0.47586132742
970	0.18670143252 0.682418413646
971	-0.366445209057 0.790574131611
972	0.138566918689 0.590598749301
973	-0.266007275137 0.931243240148
974	0.106012431466 0.617403206857
975	0.175439516671 0.601275705088
976	0.0395406463858 0.552540941524
977	-0.681465780467 0.276148950697
978	-0.468891868576 0.551296127565
979	0.145921398313 0.586588217661
980	0.136775359481 0.553284694533
981	-0.0805022553359 0.468304226209
982	0.11226833431 0.936976609015
983	0.106758472986 0.500377469979
984	-0.689017998188 0.337223464075
985	0.0678760089834 0.549261997894
986	0.102543937654 0.567691565444
987	0.181395985476 0.524654642849
988	0.220189047957 0.745099608278
989	-0.762991925348 0.758535516675
990	0.164624828021 0.615953525452
991	0.306929073778 0.313975900994
992	-0.0358280964354 0.503295411685
993	0.10885256454 0.502743466095
994	0.0723499811609 0.503384803439
995	0.138470631036 0.579636184367
996	0.133941547154 0.582495059205
997	0.130348460586 0.589568489703
998	0.169073279864 0.608619039789
999	0.147366555177 0.578070770125
1000	0.146254804759 0.593634569229
1001	-0.679466591142 0.374168517084
1002	0.218791031477 0.708033890029
1003	0.13401785154 0.581606254628
1004	0.125215243386 0.520723686806
1005	-0.493802988849 0.431288241432
1006	0.213341296827 0.710451902916
1007	0.280920636606 0.630854437879
1008	0.129336501348 0.569801333995
1009	0.062061132581 0.547580745024
1010	0.140748173646 0.579931269973
1011	-0.505033361228 0.503376249138
1012	0.091309782279 0.523830789403
1013	0.102952079931 0.482029872566
1014	0.19324454887 0.686706444418
1015	0.0586023548771 0.547286513599
1016	0.115278458244 0.573816452614
1017	0.0763959371891 0.868279128362
1018	0.121799621723 0.492364750242
1019	-0.267690191408 0.654614735159
1020	0.14141776158 0.585100558956
1021	0.130115709639 0.580722512348
1022	0.0828515754009 0.556877250485
1023	0.225558056262 0.608871221874
1024	0.0997636128253 0.563079923552
1025	0.124206201759 0.576151786016
1026	0.451398975516 0.831085231979
1027	0.108226429687 0.186581401056
1028	0.273976493707 0.650087872665
1029	0.164160012004 0.596395363543
1030	0.115097432474 0.507985894826
1031	0.102231766183 0.566739036227
1032	0.188716127937 0.668334274714
1033	0.0892314898209 0.47969788794
1034	0.243359421605 0.649562498693
1035	0.281674316706 0.632838702059
1036	0.193612208402 0.686884491836
1037	-0.74154427471 0.293091181855
1038	-0.682560371479 0.357639596662
1039	0.118165287133 0.5658996982
1040	-0.496865952122 0.50372911868
1041	0.103889835748 0.501534978129
1042	0.217481495443 0.678097354624
1043	0.14133396534 0.5941463618
1044	0.0965073486752 0.494589070613
1045	0.0928347431025 0.483789878268
1046	0.172475732862 0.649232937661
1047	0.0389569272705 0.394212242969
1048	-0.0819854059307 0.490488887131
1049	-0.0628806941276 0.492053373797
1050	-0.472696270631 0.47917193167
1051	-0.715027280778 0.318722853539
1052	-0.0301847559938 0.378951339246
1053	-0.151075671748 0.461521037603
1054	0.215890367135 0.723303225971
1055	0.0748212659852 0.559177781482
1056	0.1825043391 0.671724083676
1057	0.176126289145 0.676273532541
1058	0.117828576438 0.56728062365
1059	-0.316707447828 1.04774961814
1060	-0.70232889521 0.331003175909
1061	0.222687178894 0.702715556695
1062	-0.77561438157 0.459069256817
1063	0.109841719682 0.762399458798
1064	0.0439815285421 0.333861378634
1065	-0.00541636839801 0.518091727959
1066	-0.625738802226 0.724988325446
1067	-0.624012847835 0.384736935042
1068	-0.655447719034 0.602103343145
1069	-0.475652834901 0.535602149379
1070	0.227479044308 0.662034642465
1071	0.0660578561254 0.409827841027
1072	-0.498424086877 0.507060893252
1073	0.167003639366 0.598925692836
1074	-0.545120375433 0.885686706266
1075	-0.621679635575 0.963272467249
1076	-0.445269220349 0.597217492474
1077	-0.677290036522 1.06781692605
1078	-0.664576334545 1.11354268286
1079	0.020441886898 0.380323235554
1080	-0.586628743929 0.910630395615
1081	-0.546242379291 0.79117413731
1082	-0.0950456509352 0.478654567026
1083	-0.535991556308 0.880996274471
1084	-0.605701877288 0.938038761383
1085	-0.497251773849 0.18354774478
1086	-0.709421395193 1.11239083563
1087	-0.650316880056 1.00209300623
1088	-0.624349993128 0.897171858727
1089	-0.702662830684 1.10706289738
1090	-0.525125787327 0.739527204028
1091	-0.700086747318 1.10553584491
1092	-0.35492285504 0.698675698273
1093	-0.698170543185 1.09968855955
1094	-0.598496622373 0.936204123842
1095	-0.528204266313 0.874746341602
1096	-0.67436960768 1.06061689461
1097	-0.718391351388 1.03787164376
1098	-0.566769141798 0.851555371734
1099	-0.659103751233 0.978273117828
1100	-0.557838010926 0.849506027078
1101	-0.567248058604 0.857177747747
1102	-0.557383781275 0.81543524237
1103	-0.709606901822 1.10732856908
1104	-0.553392634964 0.823403509581
1105	-0.618274298356 0.87092836643
1106	-0.511210707207 0.717911429434
1107	-0.383241288393 0.542944095957
1108	-0.54717784599 0.787508499867
1109	-0.465028608822 0.790565701173
1110	-0.494348643307 0.629173604751
1111	-0.682089189493 1.05690675285
1112	-0.54909639602 0.902288993285
1113	-0.103879467177 0.495244906321
1114	-0.528835079548 0.870609664809
1115	-0.639233290706 0.924355066212
1116	-0.703095228221 1.15068896552
1117	-0.507910916142 0.844289497614
1118	-0.691482934635 1.08041102241
1119	-0.566575028231 0.852057134341
1120	-0.701867294911 1.10226175775
1121	-0.54675841939 0.905705428158
1122	-0.60420730675 0.956073305606
1123	-0.486531503609 0.672418323338
1124	-0.614097606897 0.974947558806
1125	-0.661341336803 1.02434844638
1126	-0.661557565562 1.03709507711
1127	-0.620529973157 0.936060741669
1128	-0.456865643864 0.707197339594
1129	-0.701192849164 1.10541883881
1130	-0.612655661092 0.918706267322
1131	-0.614314182247 0.984746653853
1132	-0.557391635011 0.82454848754
1133	-0.707457316013 1.11394580637
1134	-0.575359252081 0.190681091845
1135	-0.0926866538302 -0.0346345145586
1136	-0.536300204495 0.875253961428
1137	-0.706460399965 1.11324527143
1138	-0.536078035368 0.734796520821
1139	-0.667563651216 0.96284474577
1140	-0.523953292385 0.843076297512
1141	-0.270412246164 0.575777722539
1142	-0.448091068857 0.175999553803
1143	-0.635585970597 0.0166385386427
1144	-0.102291912609 1.2199384397
1145	-0.587533443872 0.00890687421703
1146	-0.299187538691 1.00861274608
1147	-0.692067259124 1.12599684069
1148	-0.713416751798 1.11933004113
1149	-0.61251404413 0.0156247597794
1150	0.083864332712 0.208305214056
1151	-0.592291504333 0.884412130585
1152	-0.505090663048 0.689229001772
1153	-0.616331219348 0.978673538825
1154	-0.722524781665 1.03372161095
1155	-0.658951551587 1.02173165512
1156	-0.520204202686 0.863807241197
1157	-0.564748776281 0.855214157333
1158	-0.282137536555 0.858887815247
1159	-0.666344691572 1.17473994518
1160	-0.543374532593 0.873006557288
1161	0.0783294198681 0.284985717365
1162	-0.547944991708 0.912183860487
1163	-0.525262741827 0.88229643906
1164	0.0585466347654 0.300848568746
1165	-0.561258320402 0.823327736251
1166	-0.546308337936 0.897077934835
1167	-0.620975724186 1.01494255401
1168	-0.661509214625 1.01249235822
1169	-0.0849225598634 0.475313206059
1170	-0.745193079063 1.05022086843
1171	-0.647999350329 0.978397097416
1172	-0.560855961238 0.892325535329
1173	-0.661623224909 0.933277344369
1174	0.0519281777364 0.302707040134
1175	-0.489700978484 0.828216712131
1176	-0.349994952664 0.74176507427
1177	-0.28569987078 0.946948034654
1178	-0.563651289555 0.00802951768781
1179	-0.635731089557 1.0211791676
1180	-0.494159097085 0.833263277367
1181	-0.536470697995 0.859763842132
1182	-0.696763839375 1.12977900035
1183	-0.725729289341 1.05357662612
1184	-0.738224034094 1.13156393722
1185	-0.45187819069 0.7059667723
1186	-0.545803531115 0.893940832434
1187	-0.569592724439 0.755947846775
1188	-0.768815186558 1.10641242584
1189	-0.536785982416 0.868717561773
1190	-0.548798872897 0.809057665188
1191	-0.604710357904 0.969159162462
1192	-0.712890535462 0.909063881127
1193	-0.605349431256 1.00093708538
1194	-0.603386983393 0.969266970335
1195	-0.435639268637 0.814757150919
1196	-0.568337860317 0.85465445214
1197	-0.544432490871 0.871339341794
1198	-0.679169314768 1.038865526
1199	-0.574026017414 0.873779279975
1200	-0.598956967477 0.259133743374
1201	-0.39238125803 0.449620520609
1202	-0.0879914527418 -0.0391953685136
1203	-0.53407756763 0.868132014356
1204	-0.695550612846 1.08619818493
1205	-0.789309876269 1.10541803755
1206	-0.361292797264 0.493695264673
1207	-0.652560291128 1.01348942473
1208	-0.767185608584 1.111230777
1209	-0.503628106991 0.70975039823
1210	-0.581085744177 0.843285819132
1211	-0.353137172296 0.528895283703
1212	-0.535742175455 0.865735205041
1213	-0.674066487036 0.949742882498
1214	-0.415183041111 0.361310096187
1215	-0.591527612581 0.911674646108
1216	-0.545542908296 0.799585172653
1217	0.400303132562 0.888350061589
1218	-0.559189785147 0.879025431805
1219	-0.464366762723 0.680584226897
1220	-0.577812766506 0.937072567525
1221	0.198667024123 0.770222584629
1222	-0.704089667224 1.11078407049
1223	-0.0918956740504 0.487017840358
1224	-0.576326166851 0.982824574015
1225	-0.576423337614 0.921309448841
1226	-0.470459058723 0.649889690357
1227	-0.534311243767 0.75426490994
1228	-0.681022650568 1.01317031204
1229	-0.614139931206 0.812329394039
1230	-0.577802269412 0.893962727896
1231	-0.603546593784 0.904566882065
1232	-0.688762553743 1.04412149674
1233	-0.60697854813 0.956367480143
1234	-0.556312760462 0.906167253011
1235	-0.607432552022 0.975155764187
1236	-0.369845452677 0.650010273168
1237	-0.607763026359 0.99972474352
1238	-0.536715230094 0.870499938668
1239	-0.549038799733 0.899624833202
1240	-0.583992941418 0.919764406898
1241	-0.572302108952 0.951886932747
1242	-0.693948275883 1.08336595395
1243	-0.702532911457 1.10540690745
1244	-0.608758436063 0.964550863776
1245	-0.542461540956 0.872758352784
1246	-0.7022624794 1.10698802526
1247	-0.660608219195 1.04748864661
1248	-0.696371590153 1.10195633914
1249	-0.515879094427 0.845186765867
1250	-0.617965397024 0.940175894541
1251	-0.610911501275 1.03231505224
1252	-0.573375775981 0.87136599287
1253	-0.54907474476 0.78006947234
1254	-0.648454602263 1.09624253781
1255	-0.627309644139 0.96167145936
1256	-0.71033514426 1.1181400498
1257	-0.664282154673 1.03726675966
1258	-0.493627505669 0.822639891555
1259	-0.460987745173 0.786493845854
1260	-0.614843141826 0.909556954515
1261	-0.680351937629 1.05853158929
1262	-0.579960496921 0.88950993199
1263	-0.738724716395 1.0765964163
1264	-0.708688987699 0.900739224087
1265	-0.661229115128 0.819966705323
1266	-0.582540514535 0.885437840187
1267	-0.493679870204 0.826802228417
1268	-0.588565133832 0.933650978611
1269	-0.591825466633 0.934621599026
1270	-0.52397457727 0.855291987098
1271	-0.301668654006 0.731541329156
1272	-0.481948014698 0.826057312112
1273	-0.575954528437 0.894472641878
1274	-0.673124497925 0.930961724605
1275	-0.755199579951 1.10207953991
1276	-0.318124337271 0.383765872304
1277	-0.550492137398 0.878911177101
1278	-0.535702224576 0.74932066127
1279	-0.49798599472 0.858606106121
1280	-0.539891773312 0.763144194107
1281	-0.516379975936 0.731258664146
1282	-0.695525972452 1.06116308528
1283	0.916992849871 0.300589143981
1284	1.04296459116 0.275038280214
1285	0.524141674174 0.419759248679
1286	0.466207189443 0.419570250857
1287	0.779774829653 0.0649331871758
1288	0.588647526951 0.293727393904
1289	0.989901839951 0.288038817216
1290	0.774784880745 0.315980541692
1291	0.78178371523 0.298355781601
1292	0.745392900489 0.283173280208
1293	0.778317968693 0.377212748929
1294	0.854123492429 0.338251716384
1295	0.504426702734 0.367904967449
1296	0.697606411775 0.298083950467
1297	0.696685030868 0.357699217301
1298	0.911974212407 0.311799988105
1299	0.542864058706 0.124511442516
1300	0.893767657372 0.347643892283
1301	0.419276392842 0.383011942862
1302	0.435849282795 0.445142759937
1303	0.178957478854 0.298752376861
1304	0.619003101423 0.371505991709
1305	0.849032031586 0.330202122002
1306	0.204523278348 0.837257366264
1307	0.924126001475 0.295053537372
1308	0.523021557837 0.362606652194
1309	0.67459004339 0.389203816727
1310	0.845106743961 0.288525955146
1311	0.601400157588 0.710035383255
1312	0.715372052106 0.378510817397
1313	1.02947747938 0.293738393533
1314	0.38927347276 0.950193566947
1315	0.514046123573 0.420832212752
1316	0.882650396329 0.304069255934
1317	0.665348917879 0.287663724067
1318	0.586609652754 0.39951820561
1319	0.875111730269 0.328771679349
1320	0.445581028427 0.383329406755
1321	0.411716912246 0.448606836852
1322	0.373922579842 0.449307906005
1323	0.784577585501 1.02555295682
1324	0.56057058115 0.112044202012
1325	0.580489549396 0.387412637765
1326	0.847592364523 0.360739976524
1327	0.918932867479 0.294243288286
1328	0.815505750732 0.378656055309
1329	0.868365120935 0.352761958843
1330	0.931916971793 0.296787334922
1331	0.560138811507 0.392598033179
1332	0.892715446705 0.296623138093
1333	0.387693851687 0.156460311494
1334	1.05324353408 0.285057283922
1335	0.95069013198 0.293251914457
1336	0.364873351648 0.441328682108
1337	0.692502125221 0.389594385961
1338	0.96124784109 0.32470626926
1339	0.486796111753 -0.237405773704
1340	0.844566086057 0.311815187972
1341	0.434304227088 0.39217729355
1342	0.688902347498 -0.418629927599
1343	0.622328531551 0.322768768569
1344	0.830783917367 0.337415073779
1345	1.0494336476 0.300815141067
1346	0.606027821068 0.39069637792
1347	1.06261571906 0.281035632051
1348	0.42167952894 -0.181314298621
1349	0.728233722423 0.382403867051
1350	0.522088617348 -0.273731517574
1351	0.766051142169 0.388349783779
1352	0.644130168682 -0.379092305188
1353	0.673150839509 -0.381702256964
1354	0.814440127927 0.347799775305
1355	0.506031838339 0.420036586335
1356	0.961487636695 0.288898347713
1357	0.537318119439 0.368223269436
1358	0.377600057129 0.375560001992
1359	0.622251939843 0.318285106203
1360	0.52479618707 0.223344504582
1361	0.26431649233 -0.0192107024218
1362	0.605555024763 -0.302450004476
1363	0.642328256989 -0.240235735229
1364	0.411078887566 -0.0255502519055
1365	0.219442343462 0.100646870237
1366	0.00240695264287 -0.10436050568
1367	0.386238546445 -0.462082715809
1368	0.529065263382 -0.0924952754059
1369	0.266242907699 0.0728591803577
1370	0.415808372104 -0.0273190075831
1371	0.088525348589 -0.181936187781
1372	0.468688507912 -0.0682824633887
1373	0.201421975006 -0.282723314666
1374	0.0970611792309 -0.190409993608
1375	0.298257213768 0.0831329004527
1376	0.221679664879 0.10106871097
1377	0.309757206425 -0.385386399558
1378	0.46694190246 -0.065976126191
1379	0.4425331691 -0.0489334991729
1380	0.388252828238 -0.00990446087454
1381	0.634060705063 -0.689360728078
1382	0.521590976262 -0.160067840407
1383	0.552964761217 -0.130689666601
1384	0.24691979452 -0.329620532836
1385	0.333897923366 0.409272162861
1386	0.333750271226 -0.0890937675377
1387	0.500475675411 0.383669435847
1388	-0.101684482669 -0.0509359427768
1389	0.424124934187 -0.0288389838465
1390	0.573875636613 -0.196321866178
1391	0.696020285061 -0.284744990194
1392	0.613166380375 -0.225953913017
1393	0.195993020317 -0.0167864984909
1394	0.595330260026 0.0745543779096
1395	0.693898781045 -0.283851655077
1396	0.602257521351 -0.17433229823
1397	0.212356301456 -0.16926362942
1398	0.306116616345 0.0592263843938
1399	0.288749602132 0.36094718178
1400	0.31955175735 0.0343769294345
1401	0.511668402405 -0.101366253224
1402	0.343278528967 0.0219465249525
1403	0.635003233262 -0.693782024081
1404	0.340960033339 0.0240739448124
1405	0.453355150029 -0.114514782899
1406	0.340537629825 -0.0495489015419
1407	0.358063279376 -0.445807342762
1408	0.219110958311 -0.324689716571
1409	0.304429122407 0.0527508265851
1410	0.298439584248 -0.387239947131
1411	0.579109282949 -0.155617201594
1412	0.403156089872 -0.0206527324494
1413	0.261367249923 -0.0964772307836
1414	0.81922207779 -0.392001936805
1415	0.394250333394 -0.0786690363469
1416	0.450622948232 -0.0557999644329
1417	0.506136895395 0.661364518416
1418	0.274559922242 0.525095035815
1419	0.232672094202 0.659284557629
1420	0.30864023143 0.619888660467
1421	0.433314278078 0.71601440256
1422	0.16545834035 0.394388384902
1423	0.431027136997 1.10594258116
1424	0.215029127224 0.583030693819
1425	0.159347559923 0.830469465075
1426	0.291364909568 0.598542567564
1427	0.14822292119 0.819379686627
1428	-0.0110219448392 0.489166848121
1429	0.309164368125 0.53820444404
1430	0.55365517509 0.707494256302
1431	0.561896440944 0.777424429137
1432	0.318682341557 0.612194599342
1433	0.511662076465 0.743697379422
1434	0.0728574987719 0.746042268524
1435	0.370780454036 0.632940986045
1436	0.44791533572 0.716320796539
1437	0.251020725899 0.584475836934
1438	0.561163688655 0.776958579887
1439	0.363595923622 0.337098876869
1440	0.254096889855 0.520721283438
1441	0.438333352999 0.659496735055
1442	0.223497175592 0.498494728505
1443	0.279216542753 -0.150374006135
1444	0.160742047532 0.571889795288
1445	0.239580828268 0.538023899552
1446	0.431517894771 0.810376818731
1447	0.448160371883 0.819935092038
1448	0.265749822365 0.569811239682
1449	0.0427979777766 0.585751501824
1450	0.436418587291 0.330989988397
1451	0.46366467277 0.64474456035
1452	0.466233222912 1.13869780328
1453	0.206055097343 0.482452604307
1454	0.42682264537 0.733031651949
1455	0.285096907535 0.618588343889
1456	-0.354540115045 0.112850634821
1457	-0.0347356173218 0.397751869141
1458	-0.729307758007 0.362446203392
1459	-0.418645026853 0.377577666355
1460	-0.368681900537 0.280415116755
1461	-0.359150727537 0.119038173126
1462	-0.482214811375 0.354579821425
1463	-0.371532328536 0.303351019128
1464	-0.47004009568 0.383535708752
1465	-0.368516118107 0.281127234728
1466	-0.156391227959 0.76932835625
1467	-0.643828451694 0.363364299975
1468	-0.411379965888 0.368484334723
1469	-0.196802784367 0.71109481322
1470	-0.414259204071 0.266925196947
1471	-0.634446550266 0.361281421884
1472	-0.360779300612 0.116472830419
1473	-0.471500578105 0.421618141715
1474	-0.358516596116 0.203404997331
1475	-0.538237002527 0.102677959662
1476	-0.369269605496 0.280930581313
1477	-0.239681089538 0.22456330207
1478	-0.364396029654 0.238757593227
1479	-0.369065143065 0.276651129752
1480	-0.366646559036 0.287638863155
1481	-0.364189407359 0.128792514953
1482	-0.359851846157 0.201249585232
1483	-0.36240111563 0.176549710721
1484	-0.37125298243 0.294696769029
1485	-0.366409557886 0.288064602038
1486	-0.424233896337 0.368697649825
1487	-0.420011407829 0.436227105937
1488	-0.459525214277 0.372629555125
1489	-0.62557647367 0.367646000015
1490	-0.405982899726 0.39069398693
1491	-0.369936590099 0.274762746696
1492	-0.478300515474 0.289604456254
1493	-0.669908110277 0.319164521752
1494	-0.368756024507 0.282252872661
1495	-0.646467680488 0.31654961786
1496	-0.46622269633 0.280513009388
1497	-0.278431923615 0.606355902088
1498	-0.451694937919 0.503716686297
1499	-0.2305167495 0.279051461945
1500	-0.11439593033 0.207196196295
1501	-0.361983298518 0.244400846224
1502	0.14024410631 -0.0258970106053
1503	0.0969604136112 -0.0327791422236
1504	-0.14367529036 0.175069195384
1505	0.0651928334096 -0.0399266243784
1506	-0.0189457831204 0.14230702435
1507	0.295476594176 0.209823643749
1508	0.440569586744 0.244280449649
1509	-0.0378576995574 0.167327960838
1510	-0.0326496498544 0.104983095634
1511	-0.00892027650794 0.132811516056
1512	-0.0102221114453 0.146336631316
1513	0.0812780588011 0.0622086793735
1514	0.012621907738 0.0192011052759
1515	0.0717283556617 -0.0202242702133
1516	0.038130271624 0.0181993631593
1517	0.3911313962 0.293278284809
1518	0.0493294280284 0.0629549227538
1519	0.608403564826 -0.341478361764
1520	0.182666540848 -0.0477982429498
1521	0.149876296671 -0.0899613461486
1522	-0.0305886509765 0.151223510179
1523	-0.0105024680084 0.133763090672
1524	-0.0345850580186 0.127756191553
1525	0.122893851841 -0.0230706195871
1526	0.207797818379 -0.0347785638727
1527	0.0603470514024 0.488680491607
1528	0.0976731894452 -2.29887319882e-05
1529	0.0478712835115 0.0649560742099
1530	0.114612865013 -0.0744890723156
1531	0.358259994301 -0.0369783152279
1532	-0.0334588480701 0.080954878931
1533	0.270470557834 0.35529942109
1534	0.0904663245073 0.0278882686621
1535	0.0651238186122 0.0272528572288
1536	0.333705411004 0.704669080461
1537	0.0455288632137 0.172296189241
1538	0.144308070981 -0.025409257342
1539	0.128462406744 -0.0194366105862
1540	-0.0315838756579 0.0862464323266
1541	0.071699167004 0.066586644623
1542	-0.00861697459868 0.0639576688686
1543	0.0720950116291 0.143834267678
1544	0.0340017831797 0.0860837892815
1545	0.0503320882984 0.0274739103945
1546	0.0421856191874 0.0641570980649
1547	0.100524394708 0.0183770036111
1548	0.0917590255089 0.0407730258819
1549	-0.0236349529037 0.144390280611
1550	0.172691539928 -0.0396434862928
1551	0.0412108584111 0.0421543966594
1552	-0.145959823203 0.126147935218
1553	0.0833079388293 0.0522929521507
1554	-0.0239758133121 0.14728523962
1555	-0.0197485793155 0.143914036799
1556	0.00500709970203 0.0653040989832
1557	-0.0315131947243 0.156105208307
1558	-0.264309831612 0.411649198793
1559	-0.23697585721 0.303615638227
1560	-0.23030332963 0.302127878601
1561	-0.26870865809 0.341135891416
1562	-0.16119671461 0.277077297419
1563	-0.255873028396 0.299219103052
1564	-0.240685001621 0.305193226066
1565	-0.234158809327 0.293085473972
1566	-0.236913368568 0.302743961683
1567	-0.252073583432 0.309306724155
1568	-0.200020350655 0.177500460018
1569	-0.195956794864 0.24901822615
1570	-0.227997372043 0.285566716001
1571	-0.243254318126 0.306277625878
1572	-0.264380120006 0.312260691777
1573	-0.230261426033 0.22706960619
1574	-0.247546774599 0.310649266685
1575	-0.239097223125 0.335890486721
1576	-0.183165411529 0.234833088766
1577	-0.304881567853 0.381560104881
1578	-0.23796364164 0.304123809174
1579	-0.223323653604 0.305853668654
1580	-0.235607520194 0.303532500604
1581	-0.24088618358 0.304901265002
1582	-0.239781597908 0.304743313499
1583	-0.238006215178 0.303292815342
1584	-0.314441306055 0.384853601938
1585	-0.162989419174 0.249691011316
1586	-0.274366445937 0.316892319354
1587	-0.381432357999 0.551459067957
1588	-0.242773881584 0.305740942308
1589	-0.0519843772351 0.175314882326
1590	-0.240917989105 0.29760499139
1591	-0.234729076589 0.304107321852
1592	-0.234370015235 0.224706786251
1593	-0.557626765352 0.748405365694
1594	-0.304888506808 0.385483418819
1595	-0.236151921359 0.293010851929
1596	-0.52278992032 0.741192138775
1597	-0.317401458198 0.411180654608
1598	-0.401414210797 0.460652471909
1599	-0.237849202586 0.30441995324
1600	-0.228213150344 0.240589384464
1601	-0.219226521016 0.268612793739
1602	-0.813080471956 0.210954998412
1603	-0.227330822543 0.303258442821
1604	-0.435174499371 0.325586276454
1605	-0.00212838071868 0.0107066426101
1606	0.0372868461936 -0.0133936231388
1607	0.059092930861 -0.0619625613932
1608	0.130039884883 -0.103062605673
1609	0.164124834478 -0.103723392106
1610	0.0167680838593 0.0820042493711
1611	0.147040932204 -0.119767443914
1612	0.0360792731989 -0.085403153246
1613	0.350886369006 -0.102847672875
1614	0.118577538451 -0.103637327502
1615	-0.0316400538495 0.05407812682
1616	-0.0919217962797 0.107264131925
1617	0.135675584615 -0.108335528891
1618	0.00809429062596 0.00274801956653
1619	-0.0535906569461 0.067713411823
1620	0.131377610833 -0.104033308881
1621	0.169398282784 -0.142302590058
1622	-0.0616633555095 0.0746598139384
1623	-0.0893383872066 0.104502478507
1624	-0.0404614472926 0.0982094671218
1625	0.0229127629939 0.130912609968
1626	0.135821589453 -0.106128655187
1627	0.534726230461 0.554412169798
1628	0.342011477293 -0.137886125698
1629	0.236276677211 -0.310147749162
1630	0.612326144213 -0.0122957150148
1631	-0.0594769076723 0.0866686152721
1632	-0.462120163778 0.353453049243
1633	-0.388240527585 0.245946167279
1634	-0.469793393272 0.346417933498
1635	-0.262004430349 0.234125757486
1636	-0.380681688891 0.273865394203
1637	-0.211776908857 0.243984259415
1638	-0.395952817671 0.261652361973
1639	-0.372589427239 0.215662862022
1640	-0.302552787524 0.213766090152
1641	-0.552459231866 -0.0496105540578
1642	-0.38008424285 0.159018354698
1643	-0.369476312911 0.249199276643
1644	0.416582916508 0.139411923973
1645	-0.218365735494 0.134425925173
1646	-0.413431618158 0.411628280643
1647	-0.412567653004 -0.187178812655
1648	-0.423997151321 -0.00902446086781
1649	-0.57881090345 -0.0422760744121
1650	0.259417134707 -0.166211906366
1651	0.068790064101 0.0281897736675
1652	0.0535376782329 0.0478606076685
1653	-0.0919723337719 0.0596733275082
1654	0.0833183224974 -0.00370924701897
1655	0.225024220993 -0.137208494256
1656	0.213515405396 -0.120183301485
1657	0.190917470357 -0.0551470921751
1658	-0.00213128553643 0.0848750888049
1659	0.00909917849109 0.132233653435
1660	0.0625675832707 0.0377540165987
1661	0.0300208875578 0.0627977017835
1662	-0.131146065256 0.0458174564741
1663	0.214827728865 -0.130044523227
1664	0.237805256085 -0.153285601963
1665	0.214507186065 -0.126160914382
1666	0.161099450264 -0.116180953824
1667	-0.026254861277 0.177567027792
1668	0.041103940452 0.823043441871
1669	-0.310673912205 0.605650774512
1670	-0.0631329856433 0.0763137669631
1671	-0.292597931894 -0.385328507928
1672	-0.698648355458 0.933937105416
1673	-0.973121294957 0.215944102483
1674	0.0478333432984 0.540558644776
1675	-0.163001958085 0.267037042324
1676	-1.13740483877 0.101227236575
1677	-0.289010861084 -0.59258129611
1678	-0.682306406971 0.958776212878
1679	-0.281970618353 -0.618352777643
1680	-0.276084541384 -0.424209301675
1681	-0.955461193902 0.224093591231
1682	-0.510492039174 0.606783167332
1683	-0.273347186449 -0.41797560713
1684	0.0980855918095 -0.257374093891
1685	0.367166410975 0.418957292357
1686	-0.238826620001 0.304630902566
1687	-0.215771553053 0.29353001438
1688	-0.397883427966 0.349108926641
1689	-0.3569038003 0.327906250093
1690	-0.424390213971 -0.00591444968894
1691	-0.378994223762 0.274489274312
1692	-0.0779808972069 0.157256247798
1693	-0.280437392992 -0.621109014014
1694	-0.476590817619 0.343341123444
1695	-0.843679635004 0.188042366509
1696	-1.05946695262 0.130210363423
1697	-0.923571424866 0.186714768349
1698	-0.477829999097 0.128626800354
1699	-0.646099295614 0.351600573731
1700	-0.913350479122 0.206905332271
1701	-0.529686433941 0.318083083404
1702	-0.159906282206 0.609371051696
1703	-0.454243899217 0.706567023002
1704	0.458387357708 -0.117697080651
1705	-0.591382108164 0.924453626333
1706	1.0369798899 0.29052316183
1707	-0.186394703044 0.734523932204
1708	0.0341374246096 0.138438074678
1709	-0.215829198382 0.222332875743
1710	-0.727092414367 0.552607078563
1711	-0.235176574699 0.303137762196
1712	-0.426992230321 0.553366576841
