0	-0.175566231846 -5.44983575711
1	5.35072715082 0.0622867912276
2	1.39789803817 -1.28028935576
3	1.20728335317 -1.62937147767
4	3.47872982664 -2.14633647005
5	1.67065412867 -0.832330818471
6	-4.58364014379 -0.497864861494
7	1.51086664132 0.954286786174
8	2.85632453757 1.12924567567
9	1.33153819319 2.84393344037
10	1.370969127 -1.15317628194
11	-0.160202643938 -0.0994108197677
12	-1.36903730558 2.5697089329
13	0.346912685961 -0.0248980114098
14	0.568363388462 -1.44520278934
15	1.07147972534 -1.62347676395
16	0.366195025865 -1.154706476
17	1.05726115075 -1.25215431482
18	-0.202765536567 -0.154660748072
19	1.35933394991 -1.28576267048
20	1.43645310533 -1.65928417366
21	1.46609262312 -1.57985321157
22	1.001712336 -0.628011179863
23	1.14202496444 -1.15086598264
