0	-5.04838092474 -0.249014707188 -0.187952939496 0.133060310032 -0.185410237091
1	-0.229056685876 -1.39036662667 0.104039261518 -2.92618442449 0.910130862413
2	-0.286604157176 2.50864636598 1.04007990395 2.29959033601 -1.47915996179
3	0.214240673695 5.15747547609 0.671524330314 -0.162476301631 0.277072203764
4	-2.25347044309 0.154224896147 2.94113917375 -1.40908835729 -0.177371705199
5	-0.87491731315 1.07860499206 1.80583355589 -1.20948453401 0.668523267826
6	2.33956055678 0.499545577594 1.39037782754 1.75619326748 1.78574215883
7	4.51443896438 0.876674828179 -0.634275090425 -0.726683350146 -0.36984103483
8	-0.25838502173 2.70679168656 -1.19073119555 -3.05205328049 0.369878408369
9	-0.472276498203 0.742104145585 -0.281611200605 -2.53462028401 3.82519311552
10	-0.256957776865 0.809366925234 0.778158853164 -0.771300740598 1.0615493318
11	-1.02908347096 3.44821982436 0.486368893379 0.411784239459 1.98317683728
12	0.824488679373 1.08271115417 1.40882471277 -3.34900662369 -1.82853636479
13	1.07750414888 -1.30362924548 3.51902406884 -0.972649981142 1.52299641784
14	-0.345637234883 1.18208283637 0.819296267651 -1.0682163575 0.602983803154
15	-0.508456982436 2.67928324518 2.30655562009 -1.99093301192 2.11022002534
16	-0.525483827193 2.57617918268 2.06414803389 -1.30121548761 1.44195918449
17	0.096054056012 2.72073352525 1.09318375591 -1.77468354424 2.1163913529
18	-0.778135103688 -0.265742889619 3.3672465424 0.984981903046 1.932212126
19	-0.791464478308 1.18968525125 1.3787447865 -0.440249344072 1.00891528021
20	-1.11444457531 1.7310428748 1.55470062491 -0.853582077977 1.4115815659
21	-0.356524705152 1.19872974596 2.33744303383 -1.03350645413 1.08512110797
22	-0.414773725115 1.08743647166 2.49416594304 -1.04800355234 1.86635096918
23	-0.346947004021 1.6222015944 2.56079108725 -1.4056319092 1.16103107241
